6 6
1 2 0
-2 1 0
-1 4 5 6 0
-5 6 0
-6 5 0
1 3 0
[1, 5, 6]
[1, 4]

6 7
2 4 0
1 -2 0
2 -1 -3 0
1 -3 0
3 -1 0
-2 0
[4]

2 3
1 1 -2 0
2 3 0
[2, 1]
[3]

2 2
1 2 0
-1
[2]

14 12
1 2 3 0
2 3 -1 -4 -5 0
1 3 -2 -4 -5 0
1 2 -3 -4 -5 0
4 5 -6 0
7 -1 0
8 -2 0
9 -2 0
10 -3 0
11 -3 0
12 -3 0
6 -7 0
6 -8 -9 0
6 -10 -11 -12 0
[1, 7, 6, 4]
[1, 7, 6, 5]
[9, 8, 6, 2, 5]
[9, 8, 6, 2, 4]
[12, 6, 3, 11, 10, 5]
[12, 6, 3, 11, 10, 4]

11 10
-1 -3 4 5 0
-4 1 0
-4 2 0
-2 1 0
-5 6 7 10 0
-6 7 5 10 0
-10 5 6 8 0
-7 6 8 5 10 0
-3 8 7 0
-8 10 0
1 5 0
[1]
[6, 5]
[7, 5]
[10, 5]

2 3
1 2 0
1 3 -2 0
[1]
[3, 2]

13 6
1 1 0
2 3 0
2 5 0
4 6 0
4 5 0
6 5 0
-3 6 0
-3 4 0
-4 2 0
-5 1 3 0
-5 1 6 0
-6 2 5 0
-2 6 4 0
[1, 2, 5, 4]
[1, 2, 6, 5]
[1, 2, 6, 4]

2 2
2 0
1 -2 0
[2, 1]


21 18
1 2 3 0
2 3 -1 -4 -5 0
1 3 -2 -4 -5 0
1 2 -3 -4 -5 0
4 5 -6 0
7 -1 0
8 -2 0
9 -2 0
10 -3 0
11 -3 0
12 -3 0
6 -7 0
6 -8 -9 0
6 -10 -11 -12 0
-13 1 0
13 14 0
-14 13 0
-13 16 17 18 0
-17 18 0
-18 17 0
13 15 0
[13, 1, 7, 6, 17, 18, 4]
[13, 1, 7, 6, 17, 18, 5]
[13, 1, 7, 6, 16, 5]
[13, 1, 7, 6, 16, 4]






